0 12 0
0 16 0
1 0 0
1 19 0
2 8 0
3 8 0
3 9 0
3 16 0
3 19 0
4 5 0
4 9 0
4 20 0
5 9 0
5 13 0
5 16 0
6 7 0
6 17 0
7 6 0
7 9 0
7 13 0
8 0 0
8 1 0
8 3 0
8 4 0
8 7 0
8 9 0
8 11 0
8 13 0
8 14 0
8 15 0
8 18 0
8 19 0
9 0 0
9 1 0
9 7 0
9 8 0
9 11 0
9 12 0
9 14 0
9 17 0
9 18 0
9 20 0
10 8 0
10 9 0
11 19 0
12 5 0
12 8 0
12 9 0
12 13 0
12 14 0
12 16 0
13 5 0
13 7 0
13 10 0
13 12 0
13 19 0
14 10 0
14 12 0
15 9 0
16 0 0
16 1 0
16 2 0
16 3 0
16 5 0
16 9 0
17 8 0
18 5 0
18 11 0
18 16 0
19 0 0
19 1 0
19 3 0
19 5 0
19 13 0
19 16 0
20 4 0
20 9 0
